4294967294,0
4294967278,308
4294967279,301
4294967278,307
4294967279,299
4294967278,306
4294967278,177
4294967278,176
4294967278,175
4294967278,173
4294967279,171
4294967278,170
4294967279,170
4294967294,93
4294967294,95
4294967294,50
4294967294,1074
4294967294,202
4294967279,294
4294967278,301
4294967278,167
4294967279,166
4294967279,162
4294967279,161
4294967279,292
4294967278,299
4294967278,297
4294967279,291
4294967279,154
4294967294,6
4294967294,22
4294967278,132
4294967278,131
4294967278,130
4294967278,129
4294967278,128
4294967278,127
4294967278,126
4294967278,125
4294967278,124
4294967278,123
4294967278,122
4294967278,121
4294967278,120
4294967278,119
4294967278,118
4294967278,117
4294967278,116
4294967278,115
4294967278,114
4294967278,113
4294967278,112
4294967278,111
4294967278,110
4294967278,109
4294967278,108
4294967278,107
4294967278,106
4294967278,105
4294967278,104
4294967278,103
4294967278,102
4294967278,101
4294967278,100
4294967278,99
4294967278,98
4294967278,97
4294967278,96
4294967278,95
4294967278,94
4294967278,93
4294967278,92
4294967278,91
4294967278,90
4294967278,89
4294967278,87
4294967278,86
4294967278,85
4294967278,84
4294967278,83
4294967278,82
4294967278,81
4294967278,80
4294967278,79
4294967278,78
4294967278,77
4294967278,76
4294967278,75
4294967278,74
4294967278,73
4294967278,72
4294967278,71
4294967278,70
4294967278,69
4294967278,68
4294967278,67
4294967278,66
4294967278,65
4294967278,64
4294967278,63
4294967278,62
4294967278,61
4294967278,60
4294967278,59
4294967278,58
4294967278,57
4294967278,56
4294967278,55
4294967278,54
4294967278,53
4294967278,52
4294967278,51
4294967278,50
4294967278,49
4294967278,48
4294967278,47
4294967278,46
4294967278,45
4294967278,44
4294967278,43
4294967278,42
4294967278,41
4294967278,39
4294967278,38
4294967279,18
4294967279,9
4294967279,6
4294967279,5
4294967279,4
4294967294,173
4294967294,170
4294967294,190
4294967294,1070
4294967294,1069
4294967294,1067
4294967294,1066
4294967294,1061
4294967294,1050
4294967294,436
4294967294,158
4294967294,157
4294967294,156
4294967294,155
4294967294,60
4294967294,18
4294967294,127
4294967294,14
4294967294,126
4294967294,20
4294967294,13
4294967294,10
4294967279,153
4294967278,40
4294967278,296
4294967279,146
59,4
59,3
59,2
59,1
4294967279,144
4294967279,143
4294967279,142
58,4
58,3
58,2
58,1
4294967278,291
4294967279,141
4294967294,1418
4294967294,388
4294967294,475
4294967279,140
4294967279,139
57,4
4294967279,138
57,3
57,2
57,1
4294967279,272
4294967279,136
56,4
56,3
56,2
56,1
4294967278,289
55,4
55,3
55,2
55,1
4294967279,267
4294967278,288
4294967279,283
4294967278,287
4294967278,286
4294967279,17
4294967278,273
54,6
4294967294,1413
4294967294,163
4294967278,268
4294967279,265
4294967279,264
54,5
4294967279,10
4294967278,267
4294967278,281
54,4
54,3
54,2
54,1
4294967278,265
4294967279,7
4294967279,256
4294967278,264
4294967279,8
4294967278,285
53,5
53,4
4294967278,278
53,3
53,2
53,1
4294967278,370
4294967279,559
4294967278,369
52,5
52,4
52,3
52,2
52,1
4294967278,368
4294967279,558
4294967278,252
4294967279,557
4294967278,249
4294967278,247
51,5
51,4
51,3
51,2
51,1
4294967279,240
4294967294,1415
4294967294,403
4294967294,416
4294967294,110
4294967294,113
4294967294,109
4294967278,367
4294967279,238
4294967279,556
4294967278,229
4294967279,223
49,4
4294967279,221
49,3
49,2
49,1
4294967278,219
4294967294,1
4294967279,555
4294967279,216
4294967279,214
4294967278,366
4294967278,365
4294967294,471
4294967278,364
4294967278,363
4294967294,46
4294967294,1419
4294967279,206
4294967279,0
4294967278,362
4294967279,204
4294967278,203
4294967279,203
4294967278,202
4294967279,202
4294967279,201
4294967279,200
4294967279,199
4294967279,198
4294967279,197
4294967279,195
4294967278,194
4294967294,7
4294967294,17
4294967294,42
4294967294,99
4294967294,30
0,5
4294967294,67
4294967294,51
4294967294,12
4294967294,25
4294967294,26
4294967279,192
4294967294,198
4294967294,195
4294967294,194
4294967294,192
4294967294,1045
4294967294,1042
4294967294,1029
4294967294,1027
4294967294,401
4294967294,176
4294967294,161
4294967294,81
4294967294,1414
4294967294,83
4294967294,11
4294967294,68
4294967293,131
4294967293,130
4294967293,129
4294967293,128
4294967293,127
4294967293,126
4294967293,125
4294967293,124
4294967293,123
4294967293,122
4294967293,121
4294967293,120
4294967293,119
4294967293,118
4294967293,117
4294967293,116
4294967293,115
4294967293,114
4294967293,113
4294967293,112
4294967293,111
4294967293,110
4294967293,109
4294967293,108
4294967293,107
4294967293,106
4294967293,105
4294967293,104
4294967293,103
4294967293,102
4294967293,101
4294967293,100
4294967293,99
4294967293,98
4294967293,97
4294967293,96
4294967293,95
4294967293,94
4294967293,93
4294967293,92
4294967293,91
4294967293,90
4294967293,89
4294967293,87
4294967293,86
4294967293,85
4294967293,84
4294967293,83
4294967293,82
4294967293,81
4294967293,80
4294967293,79
4294967293,78
4294967293,77
4294967293,76
4294967293,75
4294967293,74
4294967293,73
4294967293,72
4294967293,71
4294967293,70
4294967293,69
4294967293,68
4294967293,67
4294967293,66
4294967293,65
4294967293,64
4294967293,63
4294967293,62
4294967293,61
4294967293,60
4294967293,59
4294967293,58
4294967293,57
4294967293,56
4294967293,55
4294967293,54
4294967293,53
4294967293,52
4294967293,51
4294967293,50
4294967293,49
4294967293,48
4294967293,47
4294967293,46
4294967293,45
4294967293,44
4294967293,43
4294967293,42
4294967293,41
4294967293,40
4294967293,39
4294967293,38
4294967293,37
4294967293,36
4294967293,35
4294967293,34
4294967293,33
4294967293,32
4294967293,31
4294967293,30
4294967293,29
4294967293,28
4294967293,27
